173
176
177
179
180
181
-1
182
183
184
-1
185
-1
186
187
-1
-1
188
189
-1
-1
190
-1
191
-1
-1
192
-1
193
-1
-1
194
-1
-1
195
-1
-1
196
-1
-1
-1
-1
-1
-1
197
-1
-1
199
-1
-1
200
-1
-1
201
-1
-1
-1
202
-1
-1
203
-1
-1
-1
204
-1
-1
205
-1
-1
206
-1
-1
207
-1
-1
208
-1
-1
209
-1
-1
-1
210
-1
-1
211
-1
-1
212
-1
-1
213
-1
214
-1
-1
215
-1
-1
216
-1
-1
217
-1
-1
218
-1
-1
219
-1
-1
220
-1
221
-1
-1
222
-1
-1
223
-1
-1
224
-1
-1
225
-1
-1
-1
226
-1
228
-1
-1
229
-1
230
-1
231
-1
232
-1
-1
-1
234
-1
-1
235
-1
236
-1
237
-1
-1
238
-1
239
-1
240
241
-1
-1
242
243
-1
244
-1
245
-1
246
-1
247
-1
248
-1
-1
-1
250
-1
251
252
-1
253
254
-1
255
-1
256
-1
257
258
-1
259
-1
-1
261
-1
262
263
264
-1
265
-1
266
-1
-1
268
-1
270
-1
-1
272
273
-1
-1
275
-1
277
-1
279
-1
281
282
283
284
286
287
288
290
291
292
294
295
297
299
301
303
306
308
310
313
316
320
324
326
332
335
340
347
356
366
378
395
429
680
